C0C0C0
C0C0C0
C0C0C0
C0C0C0
C0C0C0
C0C0C0
C0C0C0
C0C0C0
C0C0C0
C0C0C0
C0C0C0
C0C0C0
C0C0C0
C0C0C0
C0C0C0
C0C0C0
C0C0C0
C0C0C0
C0C0C0
C0C0C0
C0C0C0
C0C0C0
C0C0C0
C0C0C0
C0C0C0
C0C0C0
C0C0C0
C0C0C0
C0C0C0
C0C0C0
C0C0C0
C0C0C0
800000
800000
800000
800000
800000
800000
800000
800000
800000
800000
800000
800000
800000
800000
800000
800000
800000
800000
800000
800000
800000
800000
800000
800000
800000
800000
800000
800000
800000
800000
800000
800000
FF0000
FF0000
FF0000
FF0000
FF0000
FF0000
FF0000
FF0000
FF0000
FF0000
FF0000
FF0000
FF0000
FF0000
FF0000
FF0000
FF0000
FF0000
FF0000
FF0000
FF0000
FF0000
FF0000
FF0000
FF0000
FF0000
FF0000
FF0000
FF0000
FF0000
FF0000
FF0000
808000
808000
808000
808000
808000
808000
808000
808000
808000
808000
808000
808000
808000
808000
808000
808000
808000
808000
808000
808000
808000
808000
808000
808000
808000
808000
808000
808000
808000
808000
808000
808000
008000
008000
008000
008000
008000
008000
008000
008000
008000
008000
008000
008000
008000
008000
008000
008000
008000
008000
008000
008000
008000
008000
008000
008000
008000
008000
008000
008000
008000
008000
008000
008000
000080
000080
000080
000080
000080
000080
000080
000080
000080
000080
000080
000080
000080
000080
000080
000080
000080
000080
000080
000080
000080
000080
000080
000080
000080
000080
000080
000080
000080
000080
000080
000080
800080
800080
800080
800080
800080
800080
800080
800080
800080
800080
800080
800080
800080
800080
800080
800080
800080
800080
800080
800080
800080
800080
800080
800080
800080
800080
800080
800080
800080
800080
800080
800080
404040
404040
404040
404040
404040
404040
404040
404040
404040
404040
404040
404040
404040
404040
404040
404040
404040
404040
404040
404040
404040
404040
404040
404040
404040
404040
404040
404040
404040
404040
404040
404040
